# DOUBLE-CODE SAMPLE — deterministic draw, RESULT-FREE (line numbers only)
# frame : population-rule v1, tool pinned 90fd79d, run from its committed copy
# draw  : every 10th post in file order. NO random seed, so any coder reproduces it.
# task  : docs/compiler-blind-classification-brief-0813.md
# classes: wrong-scope-on-a-measured-claim | stale-citations | misattributed-mechanisms
#          | statement-level-type-traps | OTHER   (ruled 08/13 09:45:34, 4 + OTHER)
# size  : 388
9
80
166
275
344
427
538
666
752
846
968
1080
1156
1277
1360
1460
1577
1696
1794
1905
2008
2115
2220
2311
2415
2586
2777
2921
3063
3176
3315
3453
3577
3714
3860
3998
4141
4274
4465
4635
4785
4926
5057
5205
5338
5510
5695
5893
6055
6208
6418
6615
6760
6964
7148
7341
7483
7679
7848
8018
8206
8438
8636
8869
9152
9394
9584
9839
10082
10282
10552
10759
10987
11227
11449
11629
11859
12098
12338
12530
12767
12916
13158
13372
13585
13739
13926
14081
14294
14463
14631
14826
14951
15082
28205
28544
28760
29328
29685
30003
30260
30450
30695
30925
31117
31335
31597
31857
32110
32309
32527
32713
32907
33135
33368
33588
33785
33988
34206
34390
34657
34861
35075
35323
35574
35783
35928
36137
36345
36467
36665
36832
37023
37171
37249
37396
37583
37738
37911
38058
38216
38363
38546
38746
38933
39087
39175
39254
39342
39487
39614
39716
39882
39999
40119
40261
40380
40552
40758
40973
41094
41243
41414
41591
41762
41943
42055
42252
42447
42611
42727
42898
43069
43228
43370
43529
43759
43903
44094
44228
44405
44562
44795
44942
45091
45252
45406
45577
45710
45908
46063
46187
46326
46464
46642
46788
46927
47070
47222
47364
47497
47634
47789
48083
48510
48821
49178
49449
49789
50033
50268
50576
50808
51092
51336
51654
51851
52049
52323
52599
52908
53139
53458
53750
54104
54392
54678
54918
55149
55345
55532
55731
55953
56163
56338
56531
56733
56887
57101
57283
57511
57709
57941
58129
58719
58956
59170
59349
59556
59770
59985
60178
60377
60524
60718
60871
61080
61237
61392
61600
61817
61993
62163
62354
62588
62764
62993
63200
63372
63569
63730
63874
64022
64155
64409
64680
64884
65106
65312
65484
65641
65828
66000
66155
66314
66466
66636
66811
66953
67127
67300
67479
67641
67830
67972
68158
68435
68668
68837
69075
69278
69485
69687
69946
70169
70354
70564
70753
70912
71066
71191
71379
71554
71730
71881
72058
72237
72396
72515
72707
72846
72961
73131
73298
73485
73683
73876
74088
74305
74552
74767
74994
75264
75501
75732
75896
76096
76254
76455
76636
76830
77005
77131
77393
77740
78108
78471
78725
78949
79169
79397
79598
79798
79994
80307
80565
80866
81151
81502
81744
81979
82239
82566
82986
83370
83663
83966
84464
84685
84901
85026
85212
85454
85595
85826
86063
86193
86382
86568
86832
87122
87354
87679
87900
88119
88288
88517
88789
